4 0.000000
0 5.000000
0 5.000000
0 5.000000
0 5.000000
0 5.000000
0 5.000000
0 5.000000
0 5.000000
0 5.000000
0 5.000000
0 5.000000
0 5.000000
0 5.000000
0 5.000000
0 5.000000
0 5.000000
0 5.000000
0 5.000000
0 5.000000
0 5.000000
0 5.000000
0 5.000000
0 5.000000
0 5.000000
0 5.000000
0 5.000000
0 5.000000
0 5.000000
0 5.000000
0 5.000000
0 5.000000
0 5.000000
2 5.000000
2 5.000000
2 5.000000
2 5.000000
2 5.000000
2 5.000000
2 5.000000
2 5.000000
2 5.000000
2 5.000000
2 5.000000
2 5.000000
2 5.000000
2 5.000000
2 5.000000
2 5.000000
2 5.000000
0 5.000000
2 5.000000
0 5.000000
2 5.000000
0 5.000000
0 5.000000
0 5.000000
0 5.000000
0 5.000000
0 5.000000
0 5.000000
0 5.000000
0 5.000000
0 5.000000
0 5.000000
0 5.000000
0 5.000000
0 5.000000
0 5.000000
0 5.000000
0 5.000000
0 5.000000
0 5.000000
0 5.000000
0 5.000000
0 5.000000
0 5.000000
0 5.000000
0 5.000000
0 5.000000
0 5.000000
0 5.000000
0 5.000000
0 5.000000
0 5.000000
0 5.000000
0 5.000000
2 5.000000
2 5.000000
2 5.000000
2 5.000000
2 5.000000
2 5.000000
2 5.000000
2 5.000000
2 5.000000
2 5.000000
2 5.000000
2 5.000000
2 5.000000
2 5.000000
2 5.000000
2 5.000000
0 5.000000
2 5.000000
0 5.000000
2 5.000000
0 5.000000
0 5.000000
0 5.000000
0 5.000000
0 5.000000
0 5.000000
0 5.000000
0 5.000000
0 5.000000
0 5.000000
0 5.000000
0 5.000000
0 5.000000
0 5.000000
0 5.000000
0 5.000000
0 5.000000
0 5.000000
0 5.000000
0 5.000000
0 5.000000
0 5.000000
0 5.000000
0 5.000000
0 5.000000
0 5.000000
0 5.000000
0 5.000000
0 5.000000
0 5.000000
0 5.000000
0 5.000000
0 5.000000
0 5.000000
0 5.000000
0 5.000000
0 5.000000
0 5.000000
0 5.000000
0 5.000000
0 5.000000
0 5.000000
0 5.000000
0 5.000000
0 5.000000
0 5.000000
0 5.000000
0 5.000000
0 5.000000
0 5.000000
0 5.000000
0 5.000000
0 5.000000
0 5.000000
4 0.000000
